import numpy as np

def get_data():

    #PREDICTION:

    teo_nc = [3698.17826207, 1780.16346057, 923.24586279, 468.39002918, 231.20028486]
    teo_logm_18 = [14.17440261, 14.35812886, 14.52711919, 14.69816962, 14.93090648]
    
    #DATA:

    data_nc = [3711.07761, 1788.24582, 978.130291, 476.546301, 223.090227]
    data_logm_30 = [14.1106752, 14.2625045, 14.3796518, 14.6089651, 14.9278606]
    data_logm_18 = [14.18345433, 14.33694611, 14.45575376, 14.69589259, 15.00122142]

    # To correct for Omega_m the data use:
    # logM(Omega_m)=logM(Omega_m=0.30)+dlogMdOmegam*(Omega_m-0.300)
    #dlogMdOmegam = np.array([-0.64703478, -0.66181482, -0.67657603, -0.77281915, -0.65220622])
    #data_logm_18 = list(data_logm_30+ dlogMdOmegam *(1.87518978e-01-.3) )

    #COV Matrix for NC and log10 WL masses [[NC,0],[0,M_wl]:
 
    cov = [[1.00628050e+04, 3.48232670e+03, 2.16319000e+03, 1.25946340e+03,
    7.60344330e+02, 0.00000000e+00, 0.00000000e+00, 0.00000000e+00,
    0.00000000e+00, 0.00000000e+00],
    [3.48232670e+03, 3.69638760e+03, 1.18581620e+03, 6.94725720e+02,
    4.23076730e+02, 0.00000000e+00, 0.00000000e+00, 0.00000000e+00,
    0.00000000e+00, 0.00000000e+00],
    [2.16319000e+03, 1.18581620e+03, 1.66065170e+03, 4.30210240e+02,
    2.60813410e+02, 0.00000000e+00, 0.00000000e+00, 0.00000000e+00,
    0.00000000e+00, 0.00000000e+00],
    [1.25946340e+03, 6.94725720e+02, 4.30210240e+02, 7.22043040e+02,
    1.55443280e+02, 0.00000000e+00, 0.00000000e+00, 0.00000000e+00,
    0.00000000e+00, 0.00000000e+00],
    [7.60344330e+02, 4.23076730e+02, 2.60813410e+02, 1.55443280e+02,
    3.27958810e+02, 0.00000000e+00, 0.00000000e+00, 0.00000000e+00,
    0.00000000e+00, 0.00000000e+00],
    [0.00000000e+00, 0.00000000e+00, 0.00000000e+00, 0.00000000e+00,
    0.00000000e+00, 2.40681570e-03, 6.76265500e-04, 6.76265500e-04,
    6.76265500e-04, 6.76265500e-04],
    [0.00000000e+00, 0.00000000e+00, 0.00000000e+00, 0.00000000e+00,
    0.00000000e+00, 6.76265500e-04, 2.90897290e-03, 6.76265500e-04,
    6.76265500e-04, 6.76265500e-04],
    [0.00000000e+00, 0.00000000e+00, 0.00000000e+00, 0.00000000e+00,
    0.00000000e+00, 6.76265500e-04, 6.76265500e-04, 3.45633130e-03,
    6.76265500e-04, 6.76265500e-04],
    [0.00000000e+00, 0.00000000e+00, 0.00000000e+00, 0.00000000e+00,
    0.00000000e+00, 6.76265500e-04, 6.76265500e-04, 6.76265500e-04,
    4.18342710e-03, 6.76265500e-04],
    [0.00000000e+00, 0.00000000e+00, 0.00000000e+00, 0.00000000e+00,
    0.00000000e+00, 6.76265500e-04, 6.76265500e-04, 6.76265500e-04,
    6.76265500e-04, 4.15359890e-03],]
    
    return (np.array(teo_nc+teo_logm_18),
            np.array(data_nc+data_logm_18),
            np.array(cov), np.array(data_logm_30))

'''
PREDICTION:

NC:
[ 3698.17826207  1780.16346057   923.24586279   468.39002918   231.20028486]

log10<M>(Omega_m=1.87518978e-01):
[ 14.17440261  14.35812886  14.52711919  14.69816962  14.93090648]

DATA:

NC:
[ 3711.07761   1788.24582    978.130291   476.546301   223.090227]

log10<M>(Omega_m=0.30):
[ 14.1106752  14.2625045  14.3796518  14.6089651  14.9278606]

log10<M>(Omega_m=1.87518978e-01):
[ 14.18345433  14.33694611  14.45575376  14.69589259  15.00122142]


To correct for Omega_m the data use:
logM(Omega_m)=logM(Omega_m=0.30)+dlogMdOmegam*(Omega_m-0.300)

dlogMdOmegam=[-0.64703478, -0.66181482, -0.67657603, -0.77281915, -0.65220622]





COV Matrix for NC and log10 WL masses [[NC,0],[0,M_wl]:
[[  1.00628050e+04   3.48232670e+03   2.16319000e+03   1.25946340e+03
    7.60344330e+02   0.00000000e+00   0.00000000e+00   0.00000000e+00
    0.00000000e+00   0.00000000e+00]
 [  3.48232670e+03   3.69638760e+03   1.18581620e+03   6.94725720e+02
    4.23076730e+02   0.00000000e+00   0.00000000e+00   0.00000000e+00
    0.00000000e+00   0.00000000e+00]
 [  2.16319000e+03   1.18581620e+03   1.66065170e+03   4.30210240e+02
    2.60813410e+02   0.00000000e+00   0.00000000e+00   0.00000000e+00
    0.00000000e+00   0.00000000e+00]
 [  1.25946340e+03   6.94725720e+02   4.30210240e+02   7.22043040e+02
    1.55443280e+02   0.00000000e+00   0.00000000e+00   0.00000000e+00
    0.00000000e+00   0.00000000e+00]
 [  7.60344330e+02   4.23076730e+02   2.60813410e+02   1.55443280e+02
    3.27958810e+02   0.00000000e+00   0.00000000e+00   0.00000000e+00
    0.00000000e+00   0.00000000e+00]
 [  0.00000000e+00   0.00000000e+00   0.00000000e+00   0.00000000e+00
    0.00000000e+00   2.40681570e-03   6.76265500e-04   6.76265500e-04
    6.76265500e-04   6.76265500e-04]
 [  0.00000000e+00   0.00000000e+00   0.00000000e+00   0.00000000e+00
    0.00000000e+00   6.76265500e-04   2.90897290e-03   6.76265500e-04
    6.76265500e-04   6.76265500e-04]
 [  0.00000000e+00   0.00000000e+00   0.00000000e+00   0.00000000e+00
    0.00000000e+00   6.76265500e-04   6.76265500e-04   3.45633130e-03
    6.76265500e-04   6.76265500e-04]
 [  0.00000000e+00   0.00000000e+00   0.00000000e+00   0.00000000e+00
    0.00000000e+00   6.76265500e-04   6.76265500e-04   6.76265500e-04
    4.18342710e-03   6.76265500e-04]
 [  0.00000000e+00   0.00000000e+00   0.00000000e+00   0.00000000e+00
    0.00000000e+00   6.76265500e-04   6.76265500e-04   6.76265500e-04
    6.76265500e-04   4.15359890e-03]]


LIKELIHOOD:

lnlike= -6.7622073612037310

Note that this value does not include the (parameter independent) term  -0.5ln(2*pi)


;[cosmological_parameters]
;omega_m = 1.87518978e-01
;h0 = 7.71358152e-01
;ombh2 = 2.19226607e-02
;lna_s = 3.90460746e+00
;tau = 0.078
;n_s = 1.06611261e+00
;omega_k = 0.0
;w = -1.0
;wa = 0.0
;omnuh2=3.71588353e-03
;; Num massive neutrinos;
;massive_nu=3
;; Num massless neutrinos
;massless_nu=0.046
;[number_count_parameters]
;# HMF NUISANCE PARAMETERS
;HMF_SLOPE = 4.50732047e-02
;HMF_INTER = 1.01958078e+00
;# IF USE HOD LIKE LAMBDA-MASS MODEL
;# SLOPE
;RM_SLOPE = 6.91589257e-01
;# LOG10M1
;LOG10M1 = 12.4225835912
;# LOG10MMINSAT
;LOG10MMINSAT = 1.11375214e+01
;# INTRINSIC SCATTER
;RM_INTR_SIG = 1.29339555e-01
'''
